slope: 0.2438029080958845
intercept: 229.012825529014
r_value: 0.2938576182330072
p_value: 0.4799143620391312
std_err: 0.32375440404465006
spearman: SpearmanrResult(correlation=0.09523809523809526, pvalue=0.8225054302036114)
correlation: [[1.         0.29385762]
 [0.29385762 1.        ]]