slope: -0.019692811454092678
intercept: 357.9651563706128
r_value: -0.026741896437831883
p_value: 0.9498828439334535
std_err: 0.3005277301473792
spearman: SpearmanrResult(correlation=-0.1666666666666667, pvalue=0.693238811728395)
correlation: [[ 1.        -0.0267419]
 [-0.0267419  1.       ]]