slope: 0.3449355508932612
intercept: 126.23580339105044
r_value: 0.17366392439717537
p_value: 0.6808678539353512
std_err: 0.7985515478242521
spearman: SpearmanrResult(correlation=0.3333333333333334, pvalue=0.4197530864197531)
correlation: [[1.         0.17366392]
 [0.17366392 1.        ]]