slope: -0.02977418051786522
intercept: 29.336247974428993
r_value: -0.2689247519332701
p_value: 0.5195496085600118
std_err: 0.043534382612793195
spearman: SpearmanrResult(correlation=-0.2380952380952381, pvalue=0.5701563208157683)
correlation: [[ 1.         -0.26892475]
 [-0.26892475  1.        ]]