slope: 0.2501962759837182
intercept: 209.02973108634663
r_value: 0.25139301393590774
p_value: 0.5481211310855868
std_err: 0.39325641174035053
spearman: SpearmanrResult(correlation=0.2380952380952381, pvalue=0.5701563208157683)
correlation: [[1.         0.25139301]
 [0.25139301 1.        ]]