slope: 0.6359582987675262
intercept: 283.32293832658866
r_value: 0.5406057886645674
p_value: 0.16654183194953526
std_err: 0.4040274234435181
spearman: SpearmanrResult(correlation=0.7142857142857144, pvalue=0.04652823228416724)
correlation: [[1.         0.54060579]
 [0.54060579 1.        ]]