slope: 0.6709580909769334
intercept: 194.82196961919948
r_value: 0.4377604470738943
p_value: 0.27803294417166285
std_err: 0.5625837882699285
spearman: SpearmanrResult(correlation=0.28571428571428575, pvalue=0.4927262450169573)
correlation: [[1.         0.43776045]
 [0.43776045 1.        ]]