slope: 0.5753689385459064
intercept: 298.3905617956128
r_value: 0.2909880728002514
p_value: 0.4844139288494813
std_err: 0.7722954652445575
spearman: SpearmanrResult(correlation=0.38095238095238104, pvalue=0.35181255311756476)
correlation: [[1.         0.29098807]
 [0.29098807 1.        ]]