slope: -0.44065026559249204
intercept: 145.0173369858096
r_value: -0.5878365886188424
p_value: 0.1253947013216859
std_err: 0.24757079842548302
spearman: SpearmanrResult(correlation=-0.6666666666666669, pvalue=0.07098765432098751)
correlation: [[ 1.         -0.58783659]
 [-0.58783659  1.        ]]