slope: -0.44357154066033455
intercept: 277.32203366433737
r_value: -0.6496916997390253
p_value: 0.08121327298851229
std_err: 0.211888476886808
spearman: SpearmanrResult(correlation=-0.38095238095238104, pvalue=0.35181255311756476)
correlation: [[ 1.        -0.6496917]
 [-0.6496917  1.       ]]