slope: 0.5920776972862953
intercept: 312.2430583411126
r_value: 0.5782138322804664
p_value: 0.13325603669064873
std_err: 0.34107013210017456
spearman: SpearmanrResult(correlation=0.5476190476190477, pvalue=0.1600256425388966)
correlation: [[1.         0.57821383]
 [0.57821383 1.        ]]