slope: 0.07172551717548649
intercept: 232.55233593187467
r_value: 0.03998176822081427
p_value: 0.925114036932583
std_err: 0.7317937050970165
spearman: SpearmanrResult(correlation=0.14285714285714288, pvalue=0.735764859879812)
correlation: [[1.         0.03998177]
 [0.03998177 1.        ]]