slope: 0.8818871004409776
intercept: 272.3466238270692
r_value: 0.4213401346524074
p_value: 0.2985069672615638
std_err: 0.7749349098823801
spearman: SpearmanrResult(correlation=0.19047619047619052, pvalue=0.6514014957024814)
correlation: [[1.         0.42134013]
 [0.42134013 1.        ]]