slope: 0.5329885191768436
intercept: 230.07658257780415
r_value: 0.30650181064091564
p_value: 0.4602869972239213
std_err: 0.6757512509350329
spearman: SpearmanrResult(correlation=0.523809523809524, pvalue=0.18272075053971484)
correlation: [[1.         0.30650181]
 [0.30650181 1.        ]]