slope: 0.5810293289687927
intercept: 303.5660457186227
r_value: 0.2366430451920784
p_value: 0.5725809914361082
std_err: 0.9739007440670772
spearman: SpearmanrResult(correlation=0.14285714285714288, pvalue=0.735764859879812)
correlation: [[1.         0.23664305]
 [0.23664305 1.        ]]